1000
7
4850
362
4405
4762
3581
1484
869
1703
3954
658
1950
2093
1061
3025
1994
1466
1020
4020
11
1439
3310
4172
4024
3974
3765
1281
4735
4691
1249
1588
2640
4301
257
1913
3593
4266
3323
4155
4006
4503
1534
3981
4309
4079
3172
69
3333
1638
27
692
24
4427
1790
745
930
4717
3589
1210
3201
1349
2214
1162
268
1312
1794
1080
2048
522
3112
4737
472
4235
2167
3998
4290
451
4254
2505
872
3955
587
2551
4347
3160
32
4538
2450
3238
3943
1851
86
3722
1378
119
2652
2648
299
1986
3364
1381
579
3882
2375
238
4629
2889
1817
525
1414
3677
3346
2556
2232
2900
4456
4211
1746
2999
2844
1521
4567
641
1002
1769
4914
144
4064
1553
1719
3100
2357
1140
3088
3153
4913
1708
1334
4162
3802
1489
105
2298
827
50
3291
2498
4917
3767
2235
1253
1403
1881
1844
883
2127
1641
2618
707
1580
2879
1525
1928
897
4150
4876
4115
2894
2107
3798
2878
3721
4516
4782
1171
4081
3807
2836
123
4125
3397
4923
4156
1070
4831
2585
4149
4666
91
3625
2422
2373
3183
2366
1741
4394
607
3582
2865
2632
4977
3790
2802
1417
358
1122
2370
4479
278
2152
3939
4892
1606
3469
2489
1189
3514
2543
1365
3098
646
4824
1873
712
1510
2474
4376
2196
3545
4443
140
4252
4223
2987
1143
4687
3299
2574
1215
2903
4100
1432
3402
1523
3115
3398
3610
49
3285
3787
3973
4157
2065
1172
993
2793
4834
4331
1768
1170
2550
2764
978
2118
4454
2439
131
3958
905
483
1674
1026
729
651
1538
3618
4311
1896
1062
516
1259
3565
4889
940
582
326
4774
1422
3308
3698
5
4668
4815
300
1761
2964
4746
4857
1288
1925
122
13
321
2067
3190
1759
487
3413
2616
66
55
200
2064
3022
1324
3996
1221
2421
279
4048
2300
3785
4770
1784
1675
842
4415
3075
376
2818
913
2352
638
303
2558
4208
3484
834
506
2000
3266
2187
2256
2220
437
555
1968
3585
1459
2608
387
4764
1671
1803
3350
2045
2503
1541
4931
2514
1600
3010
2561
2368
4014
4037
96
1385
637
1478
2772
2457
2895
260
2501
3759
2591
2132
611
3071
3082
3230
446
3825
3176
841
3395
2018
4816
3331
2071
4905
4036
2525
1894
2174
4718
4632
4626
4187
3058
3445
4114
3038
1430
2714
148
1088
210
9
1279
2097
217
2259
3578
139
1786
832
434
2488
2465
3493
1728
2025
4624
204
2958
1294
1069
2645
4129
3995
2125
1750
3446
1532
1198
3046
4018
3456
2983
2110
2318
2307
4158
1369
4315
1524
956
4256
3743
3495
1863
4619
4422
3480
1681
4132
694
4464
2270
277
1102
203
4656
3267
1368
2089
4721
1834
4212
4563
3157
3926
4703
3244
3016
1597
34
907
4832
3907
3567
2811
4587
189
1223
3815
2034
3062
3224
2978
2630
4045
4050
3908
2622
1419
1111
2083
4986
2696
4727
2594
401
681
3984
3433
367
4692
1474
920
183
1829
3154
2438
680
3140
2241
4924
1211
67
108
2834
673
1615
2052
3695
3166
4334
2470
255
259
4604
3660
1118
89
3986
181
4963
2032
4839
2759
4664
335
1160
3963
142
2835
3577
693
3214
6
2181
4090
2886
713
3914
3552
3561
4901
2613
1412
280
3248
1731
3221
3080
1185
1850
517
667
363
2035
2213
2447
3458
600
1395
1531
246
1465
648
3233
671
3959
2098
2411
3425
2385
3084
2436
1268
2425
1754
530
4225
4416
1563
2077
4504
1946
2756
3103
1382
4787
412
1166
4616
3693
2306
2896
2997
535
3570
1046
3890
1861
3554
1343
2338
3460
2864
1463
1024
4571
1970
3314
2371
3635
3548
4209
2456
3454
4620
1856
4749
2358
4515
926
910
2662
3817
4559
1614
4561
3667
2468
3300
3889
3223
4095
1570
1665
1016
876
2007
3392
4444
1448
3687
4661
4633
4750
4219
4556
1274
4085
3840
1854
1839
3273
209
2296
4072
4870
3005
4644
1482
3731
1984
173
767
991
792
2672
3141
2782
106
2292
1283
2319
2832
2795
3636
970
4724
2906
81
2159
3352
1447
1718
2988
634
586
3895
4243
3073
1795
413
1948
2817
1603
2820
598
3478
3810
3801
657
3697
2286
577
2197
2969
3415
1676
2967
2473
1509
4908
1106
3239
3174
2330
1398
3443
3341
187
4122
1632
3281
68
155
1297
989
3672
4812
2704
1787
2497
943
4731
2758
4497
1266
3595
3321
3512
3305
2222
2112
787
1367
3902
2862
2718
3000
1098
240
2985
4169
1695
4369
1630
1497
3872
2508
262
3564
3856
959
1045
4459
4305
270
357
3892
3051
4896
3008
4308
3091
1672
3161
4978
4811
222
4492
2469
3944
2445
3709
2335
2058
4989
2289
1490
4805
3684
2665
112
2283
4420
4966
1081
3668
2247
4789
2218
2202
4976
329
1286
3648
3389
3405
2933
974
3118
128
3345
442
4897
747
1149
4518
2403
3036
1780
4047
2528
1939
1725
75
4863
338
16
3126
201
675
583
4345
2090
4554
4424
4642
4467
1969
499
1023
4695
389
3702
1694
1617
2437
1440
1496
2899
4247
4598
983
605
2480
719
3858
1735
1963
547
3666
3624
2611
297
465
354
1529
3515
2747
117
4804
369
324
225
2223
2909
1826
1964
2754
1040
4911
560
1372
4039
425
1361
4065
4583
617
4121
3382
2923
3862
4723
3987
4693
4333
2762
3947
2871
1981
1100
4711
1619
4537
3304
1477
1702
3615
4154
1366
4087
3403
4191
4238
4646
1139
4904
4371
3181
4981
2432
1340
46
4555
2042
1258
835
3055
3212
986
4569
239
1661
2668
4488
1824
295
1315
1765
756
116
3705
1791
4979
2848
4837
4106
4426
3099
1322
4956
1271
4868
478
2444
1937
4772
4346
4363
1953
1191
342
3710
3250
1344
3255
1605
3431
3018
808
3509
3536
2004
954
1218
2599
2476
1287
1587
4322
